723
1
28
120
638
915 937
861 894
34
511 521
11
298
19
391
241
143 218
339 341
475 481
409 469
231 236
912 932
670 686
837 847
833 835
802
139
550
72 99
125
951
570
40 80
91 94
392 408
200 243
739
858 881
98
140
770 800
103
286
78
249 262
83
860
5
434 437
166
296
956 977
330 345
313
401 402
51 88
543 553
244 252
44 67
885 929
581 615
524 617
747
678
936
482 494
952 973
436
196
818 834
462
118 162
438 447
677
228
443 490
89
266 288
813 817
129 134
866 879
808 832
150 153
344 372
287
113
840 846
939
526
327 368
256 386
251
109
820
181
22
775
441
270 304
714 735
38
203
21
130 133
394 410
721 744
960 982
23
567
596
416
407 414
728
928 961
619 661
867
328
795 796
697 705
774 810
61 65
987
272
573 609
216
169 183
454 455
165 173
346
155 195
50
479
988 12
761
24
260
92
514
222
480
604
663
856 873
373 382
168 171
338 353
913
320
96 102
412
584
509
557
644
309
536
497
230
606
13
485
637 660
458 461
899
111
423
756
620 665
841 853
664 681
375 465
470 471
199 227
689 695
255
247
145
768
991 993
889
797 814
8 15
518 525
616
75
4
167
799
26 31
635 659
41
433
605
964
48
688
715 753
413 415
450
81
674 701
154
70
265
516
268
435
965 967
887
197
66 82
374
182 188
93 115
73
743
364
179
194
467
815
355 365
3
387
137 138
30 32
108 114
531
559
302
367
662 675
535 607
205
263 289
547 566
148
245
210
406
446
924
219
278
116 128
729
746
106
622 624
46 55
608 630
146 151
261
472
725
907
347
329
504
513 522
591
947 953
225
393
300
754
59 71
723
499
532
149
546
404
370
478 492
950
397
623
502
468
160 163
101 105
226 234
172 198
361
277
254
710 759
590 595
451
745
220
385 390
25
602
29
758 769
612 625
801 825
371 388
112
144 147
217
127
20 27
862 872
76 95
305
805 857
484 487
224 246
87
726 765
741
611
348
439
923
323
7
614
176
930 949
891 903
9
60
233
358
35
460
654
275
586 589
90
314
49 52
995 10
779
963
376 383
319
238 250
332
778
340
107
212
174
704
582 585
777
209
214 215
381
848
121
201
724
189
307 318
708
886
457
267
692
187
459 474
994
141
122
43
422 424
537 544
292
648
702
888
706
836
789 816
671
776
193
731 773
42
276
132
311
528 534
100
74
14
45
760 794
229
576
62
0 37
428 464
996 2
738
39
838 876
786
184
755
204 242
156 157
421
170
486
97 104
317
232
377
781 793
152 180
942
541
211
18 124
849
627
959
178
279
898 901
294
503 517
396
136
17
208
645
569
473
360
684 711
809
921
821
56
281
269 335
411
63
505
562 571
202
273 290
588
572 583
703 716
850
16
135
944
274
301
488
736
316
283
732
565
192
299
934 990
782 788
429
326
500
647
561
164
463
727
613
159
578 587
483
806 824
77
297 321
826
493
551
175 185
259 285
312
803
764
669
865
902 916
123 126
734
555
293
563 579
444 452
742
533
737 763
592
540
549
177
477
280 331
831
325
352
676 698
740 751
597
33
336 350
897 910
992
356
334
506
303
282
456
240
389
717 720
420
957 958
520
284
342
362
142
430
333
491
131 158
707
248 257
785
186
554
369
920 943
975
628 709
646
985 999
337 343
527 542
855
577 580
599 601
718
598 600
908
712
431
508
539
258
351
357
191 237
380
530
940 941
442
213
560
771
395 399
529 545
757
883 884
649
489
110
593
400
574
807
440
719
962
359 366
349
652
538
640
877
448
682
594
919 927
86 117
507
190 207
453
843
811
235
519
379
679
819
239
691
658
667
904 909
687
791
610
666 668
880
922
629
626
893
812
85 119
906
650
315
830
417 419
827
722
978
641
308
730
981 64
651 657
878
829
804
900
418 427
713
306 322
852
823
844
839
556
733
378
384 432
933
655
425
828 868
784
766
874
772
859
792
787
895
575
970
870
989
495 501
631 632
685 700
890
966
875
845
851
935
672
643 653
869
864
997
998
917
642
680
752 762
863
693
621
656
984 6
945 980
690
790
842
954
354
905
931
750 783
969
223 271
639
986
948
911 918
405 426
36 47
972
699 749
971
398 403
780
955
618 634
68 69
896
466 476
946 968
324 363
498 510
515
264 291
983
