1510
555
139
16
1154
13
765
289
543
30
2596
3128
1191
7190
3495
1665
3041
68
1891
3243
784
4469
3104
9331
1240
4755
2829
22217
2229
1232
17953
3751
1758
2792
30000
30019
30078
30087
30278
30056
30012
30015
30002
30007
30008
30014
30032
30016
30036
30042
30031
30043
30055
30033
30013
30069
30010
30058
30034
30144
30049
30059
30118
30023
30071
30039
30084
30149
30097
30044
30066
30107
30219
30077
30076
30050
30082
30090
30095
30317
30172
30064
30288
30142
30326
30052
30208
30408
30005
30021
30018
30003
30006
30027
30026
30025
30045
30040
30004
30009
30091
30079
30086
30188
30139
30081
30248
30020
30102
30011
30073
30063
30057
30088
30051
30075
30128
30024
30099
30070
30516
30280
30439
30407
30158
30061
30054
30068
30065
30154
30123
30379
30451
30096
30029
30211
30060
30074
30100
30270
30035
30116
30067
30161
30135
30037
30109
30122
30106
30199
30085
30397
31473
30496
30381
30463
30336
30518
30098
30080
30030
30206
30093
30163
30194
30240
30229
30113
30145
30190
30038
30316
30119
30171
30184
30141
30083
30324
30185
30167
30195
30223
30152
30258
30222
30125
30364
30499
30131
30260
30192
30203
30053
30312
30272
30254
30242
30237
30234
30101
30375
30164
30311
30247
30209
31293
30384
30297
30246
30215
30307
30340
30130
30252
30213
30261
30320
30301
30289
30285
30249
30315
30303
30162
30394
30330
30214
30385
30305
30421
30296
30367
30165
30226
30345
30274
30349
30377
30348
30435
30117
30531
30329
30362
30183
30354
30230
30334
30346
30308
30414
30444
30490
30469
30503
30269
30366
30411
30433
30341
30368
30449
30568
30577
30313
30355
30276
30453
30422
30427
30373
30406
30387
30486
30403
30212
30473
30304
30363
30462
30365
30376
30401
30436
30432
30481
30374
30429
30443
30388
30426
30523
30425
30488
30344
30452
30467
30399
30538
30437
30470
30465
30555
30450
30461
30477
30392
30389
30514
30398
30253
30564
30472
30550
30493
30513
30447
30528
30371
30676
30466
31053
30562
30431
30475
30556
30434
30455
30448
30534
30529
30471
30497
30563
30507
30492
30358
30597
30574
30535
30515
30525
30532
30558
30484
30545
30533
30575
30537
30573
30587
30579
30511
30608
30494
30746
30571
30546
30634
30772
30814
30544
30726
30645
30539
30641
30755
30664
30553
32737
30659
30624
30792
30663
30567
30489
30386
30446
30948
30753
30794
30502
30685
30610
30720
30557
30701
30618
30420
30640
31098
30818
30930
30576
30820
30677
30843
30561
31184
30570
30748
30892
30791
30751
30727
30741
30766
30711
30728
30807
30704
30593
30961
30828
31129
30834
30884
30749
30922
30630
31340
31296
30796
30621
31091
30935
31011
31173
30735
31086
30842
30964
30810
32036
30973
30945
31323
31139
30835
30855
31141
30856
30965
30865
30924
30898
30942
31035
31603
31147
30970
31142
31280
30761
30062
30022
30169
30041
30046
30028
30047
30048
30105
30094
30115
30017
30072
30103
30114
30089
30104
30176
30147
30136
30111
30151
30121
30134
30129
30268
30112
30201
30108
30468
30092
30137
30159
30133
30156
30168
30170
30124
30175
30127
30197
30166
30181
30178
30409
30200
30207
30138
30140
30218
30155
30266
30221
30204
30186
30157
30202
30225
30193
30238
30227
30189
30179
30205
30244
30325
30198
30273
30232
30216
30267
30182
30173
30335
30220
30275
30243
30263
30235
30279
30265
30233
30620
30210
30412
30264
30236
30250
30245
30283
30361
30251
30224
30255
30540
30281
30262
30378
30293
30298
30287
30342
30338
30286
30396
30322
30509
30351
30438
30284
30395
30310
30259
30257
30299
30423
30402
30314
30445
30321
30350
30271
30337
30327
30500
30180
30318
30328
30290
30578
30360
30292
30309
30456
30383
30440
30474
30487
30390
30370
30405
30332
30626
30404
30419
30323
30459
30413
30369
30415
30495
30457
30333
30339
30773
30458
30478
30393
30520
30464
30599
30510
30517
30519
30417
30651
30282
30732
30524
30536
30442
30541
30479
30661
30551
30501
30506
30482
30491
30547
30560
30588
30522
30527
30554
30565
30526
30635
30585
30485
31491
30976
31359
31245
30971
31268
30859
31233
31259
31274
31312
31161
31226
31079
31343
31069
30572
30542
30357
30705
30745
30480
30650
30581
30603
30483
30569
30649
30582
30613
30566
30670
30690
30811
30628
30646
30666
30632
30595
30652
30530
30580
30763
30838
30689
30642
30731
30619
30707
30605
30656
30623
30682
30686
30679
30702
30669
30673
30739
30647
30700
30653
30713
30668
30665
30719
30687
30400
30804
30716
30725
30759
30660
30724
30698
30696
30708
30833
30742
30730
30602
30912
30721
30801
30657
30747
30729
30643
30764
30960
30710
30769
30783
30733
30734
30789
30779
30836
30738
30754
30845
30780
30799
30744
30737
30786
30805
30829
30723
30816
30787
30815
30777
30868
30771
30757
30844
30770
30847
30831
30846
30875
30860
30878
31084
31020
30879
30812
30850
30636
30905
30867
30830
30864
30849
30851
30997
30853
30955
30883
30897
30872
31007
30760
30940
30877
30910
30906
30977
30881
30888
30768
30999
30809
31061
30813
30934
30823
30958
30931
31015
30876
30863
30802
30915
30921
30939
30937
30950
30874
31068
30916
30936
30902
30979
30929
30982
30989
30694
31052
30908
30941
30909
31027
30882
30984
30870
30951
30925
30967
31187
30947
30990
31160
30969
31071
30938
30987
31023
31025
31076
31017
30975
31014
31099
30963
31112
31010
31045
30824
31111
31016
31109
31122
30986
30992
31063
30825
31140
31107
30819
31148
31146
31038
31033
31133
31646
31388
31322
31130
31269
31230
31383
31458
31366
31712
31482
31591
31961
31055
31732
31376
31431
31535
31385
30889
31199
30972
31044
31108
31134
31059
31026
31078
31102
31085
31118
31114
31024
31190
31083
31131
31119
31683
31581
31193
31404
31453
31427
31494
31724
31644
31216
31486
31573
31575
31485
31698
31484
31345
31155
31144
31135
31149
31182
31000
31158
31246
31191
30932
31294
31123
31029
31169
31094
31073
31164
31168
31065
31177
30893
31205
31308
31126
30952
31175
31143
31050
31150
31153
31128
31124
31067
31219
31176
31163
31291
31188
31186
31132
31197
31287
31117
31254
31203
31243
31209
31179
31285
31212
31278
31166
31234
31223
31651
31170
31225
31236
31221
31208
31330
31237
31167
31253
31239
31283
31310
31047
31358
31202
31214
31271
31303
31277
31217
31224
31273
31056
31338
31192
31218
31250
31377
31336
31180
31329
31264
31398
31272
31270
30993
31334
31255
30891
31668
31544
31292
31365
31249
31355
31370
31457
31258
31391
31314
31397
31304
31281
31339
31198
31306
31317
31320
31368
31229
31456
31019
31424
31315
31352
31451
31582
31418
31289
31328
31318
31372
31348
31369
31301
31399
31354
31351
31375
31410
31403
31405
31364
31244
31521
31326
31437
31380
31487
31428
31363
31452
31379
31448
31374
31556
31425
31442
31356
31471
31523
31360
31435
31412
31768
31387
31248
31502
31394
31489
31415
31483
31371
31421
31434
31466
31496
31479
31500
31194
31429
31461
31298
31583
31503
31672
31708
31662
31481
31433
31490
31509
31553
31508
31393
31526
31475
31600
31401
31516
31478
31524
32013
31444
31705
31593
31541
31563
31276
32541
31515
31525
31542
31472
32678
31495
31413
31446
31518
31514
31488
31579
31560
31512
31267
31588
31440
31504
31598
31549
31605
31595
31480
31696
31586
31564
31596
31585
31656
31606
31381
31547
31592
31548
31633
31439
31710
32351
33406
31533
31632
31578
31713
31594
31551
31612
31675
31507
31527
31649
31462
31678
31682
31772
31811
31719
31510
31607
31555
31554
31572
31643
31561
31577
31728
31604
31636
31629
31687
31570
31730
31460
31850
31703
31621
31690
31580
31599
31702
31590
31715
31631
31938
31618
31645
31647
31680
31663
31666
31944
31664
33023
31613
31625
31837
31857
31641
31660
31749
31620
31897
31617
31817
31999
31677
31689
31688
31642
31738
31718
31640
31914
31725
31654
31899
31692
31449
31851
31970
31711
31661
32091
31721
31773
31762
31717
31767
31714
31781
31842
31469
31912
32050
31880
32044
32484
32021
31924
31887
31764
31883
32164
31706
31920
31838
30302
30356
30001
30150
30424
30110
30132
30231
30196
30191
30241
30148
30143
30160
30505
30146
30217
30187
30120
30174
30228
30294
30239
30291
30380
30410
30428
30153
30476
30177
30512
30543
30331
30319
30601
30359
30416
30848
30306
30372
30353
30277
30343
30508
30418
30584
30548
30615
30382
30549
30596
30347
30300
30598
30591
30454
30504
30604
30391
30633
30352
30590
30586
30627
30781
30612
30559
30691
30589
30822
30441
30678
30498
30655
30607
30644
30600
30609
30614
30622
30756
30592
30674
30672
30692
30637
30629
30706
30460
30788
30758
30639
30695
30722
30680
30625
30683
30839
30654
30583
30430
30712
30817
30671
30697
30740
30631
30798
30736
30803
30887
30681
30841
30552
30854
30717
30995
30767
30648
30784
30774
30765
30662
30693
30521
30894
30954
30821
30782
30903
30658
30617
31103
30862
30675
30776
30793
30866
30890
30857
30959
30871
30827
30750
30852
30885
30869
30826
30684
30808
30800
30927
30295
30919
30895
30943
30944
30752
30980
31077
31120
30858
30778
31021
30795
30837
30953
30790
31005
30896
30861
31030
30928
30873
30775
30920
31145
30714
30923
30880
30886
31049
30917
31002
30974
30957
30904
30911
30933
30985
31036
31004
30913
31013
30900
31074
30962
30718
30688
31282
30918
31003
30998
31008
31081
31095
31037
30991
30899
30983
31075
30968
31018
31041
30981
31034
31006
31058
31087
31331
30907
31031
30996
31012
31054
31040
31116
31009
31048
31200
31072
31127
30978
31057
31028
31092
31089