2136
245
8605
2203
4967
518
9583
1355
4565
5127
4901
1368
7713
5375
2887
1345
1989
1145
2439
773
2956
5861
2015
163
184
1795
6493
7021
4489
77
280
3926
3413
1955
56
390
1129
2815
4017
388
1248
1409
156
2565
58
270
432
8634
6814
5446
5829
194
2865
1870
1198
2377
1296
1998
5698
9655
2089
4106
1328
1734
2422
3497
2696
433
10413
1337
2625
2011
691
6815
8155
200
195
2176
235
2171
6775
1635
6631
9108
5954
196
2894
2087
667
807
552
1443
8428
642
10370
407
120
5846
8221
750
4353
1452
309
819
68
619
3469
3662
2018
1158
516
5074
13407
173
2893
4263
6006
1075
303
7452
1308
1179
3687
2803
971
3531
11
6600
2385
499
305
1256
2381
679
172
2324
1869
760
11527
164
503
626
1560
2131
2927
2006
3744
2810
566
2078
2016
5435
1539
1739
2313
8834
6489
210
3948
2569
9904
1792
5086
5681
1357
1706
6028
1578
685
2421
7953
3747
34
3972
1013
1055
1853
4107
5245
2962
4139
4634
1018
3088
1740
3533
449
466
308
2274
6257
1127
8084
149
7197
5852
2456
528
13421
2900
1662
5734
12058
60
2079
2890
3572
374
4410
494
5547
5534
76
590
8154
1511
19568
1414
4234
1752
9814
84
5202
9348
1500
40
243
2292
4133
1261
1544
608
468
1068
378
409
1515
363
2245
102
808
396
794
4366
11138
7405
1272
4839
2307
219
444
945
462
297
155
1088
747
2413
10128
6315
5495
5672
1007
1431
3142
3910
5808
2682
4511
6229
9295
2734
158
701
458
847
211
1182
2392
395
31
1884
1487
1679
2838
1378
972
505
282
1947
1660
144
5470
199
263
240
4948
4140
1953
699
3766
214
4284
3370
538
812
2361
23
924
2921
918
530
1361
430
700
1643
1938
682
977
2527
4908
65
1257
755
3494
3592
334
2174
991
5812
436
179
213
1617
2898
1779
2202
87
1383
2178
360
8495
7984
110
833
397
1242
1572
8187
3512
11636
8201
2335
1909
201
3568
2612
2761
372
2553
793
478
7894
389
1509
2061
3755
2256
481
6508
11329
1594
3072
